100
3 8
5 6 9 4 8 2 1 7
3 1
2
3 100
2 4 8 16 32 64 128 256 512 1024 2048 4096 8192 16384 32768 65536 131072 262144 524288 1000000 1000000 1000000 1000000 1000000 1000000 1000000 1000000 1000000 1000000 1000000 1000000 1000000 1000000 1000000 1000000 1000000 1000000 1000000 1000000 1000000 1000000 1000000 1000000 1000000 1000000 1000000 1000000 1000000 1000000 1000000 1000000 1000000 1000000 1000000 1000000 1000000 1000000 1000000 1000000 1000000 1000000 1000000 1000000 1000000 1000000 1000000 1000000 1000000 1000000 1000000 1000000 1000000 1000000 1000000 1000000 1000000 1000000 1000000 1000000 1000000 1000000 1000000 1000000 1000000 1000000 1000000 1000000 1000000 1000000 1000000 1000000 1000000 1000000 1000000 1000000 1000000 1000000 1000000 1000000 1000000
3 100
1 4 4 4 4 4 4 4 4 4 4 4 4 4 4 4 4 4 4 4 4 4 4 4 4 4 4 4 4 4 4 4 4 4 4 4 4 4 4 4 4 4 4 4 4 4 4 4 4 4 4 4 4 4 4 4 4 4 4 4 4 4 4 4 4 4 4 4 4 4 4 4 4 4 4 4 4 4 4 4 4 4 4 4 4 4 4 4 4 4 4 4 4 4 4 4 4 4 4 4
1000000 1
1000000
2 20
1000000 1000000 1000000 1000000 1000000 1000000 1000000 1000000 1000000 1000000 1000000 1000000 1000000 1000000 1000000 1000000 1000000 1000000 1000000 1000000
3 5
11 20 60 22 100
2 21
1000000 1000000 1000000 1000000 1000000 1000000 1000000 1000000 1000000 1000000 1000000 1000000 1000000 1000000 1000000 1000000 1000000 1000000 1000000 1000000 1000000
2 100
1000000 1000000 1000000 1000000 1000000 1000000 1000000 1000000 1000000 1000000 1000000 1000000 1000000 1000000 1000000 1000000 1000000 1000000 1000000 1000000 1000000 1000000 1000000 1000000 1000000 1000000 1000000 1000000 1000000 1000000 1000000 1000000 1000000 1000000 1000000 1000000 1000000 1000000 1000000 1000000 1000000 1000000 1000000 1000000 1000000 1000000 1000000 1000000 1000000 1000000 1000000 1000000 1000000 1000000 1000000 1000000 1000000 1000000 1000000 1000000 1000000 1000000 1000000 1000000 1000000 1000000 1000000 1000000 1000000 1000000 1000000 1000000 1000000 1000000 1000000 1000000 1000000 1000000 1000000 1000000 1000000 1000000 1000000 1000000 1000000 1000000 1000000 1000000 1000000 1000000 1000000 1000000 1000000 1000000 1000000 1000000 1000000 1000000 1000000 1000000
3 5
27 729 9 243 81
2 19
1000000 1000000 1000000 1000000 1000000 1000000 1000000 1000000 1000000 1000000 1000000 1000000 1000000 1000000 1000000 1000000 1000000 1000000 1000000
1 100
2 2 2 2 2 2 2 2 2 2 2 2 2 2 2 2 2 2 2 2 2 2 2 2 2 2 2 2 2 2 2 2 2 2 2 2 2 2 2 2 2 2 2 2 2 2 2 2 2 2 2 2 2 2 2 2 2 2 2 2 2 2 2 2 2 2 2 2 2 2 2 2 2 2 2 2 2 2 2 2 2 2 2 2 2 2 2 2 2 2 2 2 2 2 2 2 2 2 2 2
1 100
1000000 1000000 1000000 1000000 1000000 1000000 1000000 1000000 1000000 1000000 1000000 1000000 1000000 1000000 1000000 1000000 1000000 1000000 1000000 1000000 1000000 1000000 1000000 1000000 1000000 1000000 1000000 1000000 1000000 1000000 1000000 1000000 1000000 1000000 1000000 1000000 1000000 1000000 1000000 1000000 1000000 1000000 1000000 1000000 1000000 1000000 1000000 1000000 1000000 1000000 1000000 1000000 1000000 1000000 1000000 1000000 1000000 1000000 1000000 1000000 1000000 1000000 1000000 1000000 1000000 1000000 1000000 1000000 1000000 1000000 1000000 1000000 1000000 1000000 1000000 1000000 1000000 1000000 1000000 1000000 1000000 1000000 1000000 1000000 1000000 1000000 1000000 1000000 1000000 1000000 1000000 1000000 1000000 1000000 1000000 1000000 1000000 1000000 1000000 1000000
3 4
1 6 12 49
2 6
9 64 19 16 81 80
76020 34
275325 560757 836920 895151 858935 193566 721972 196507 658750 504397 593618 2201 848389 369997 113720 22052 867431 49778 64727 174104 551346 870076 836053 488423 973807 324585 218307 115296 4118 874964 219334 207896 410993 673033
37196 27
63709 195112 261384 141003 646842 972919 125801 5685 88392 9159 63811 21978 20076 13974 50639 211753 21035 303 1303 420920 13273 410178 158392 167225 897576 385306 412245
143716 76
507112 906674 612324 100761 223129 259988 545291 181966 52029 531242 770631 198681 134005 528187 985708 219926 97300 842324 9987 50 113502 577379 9044 54377 111196 971792 11242 599757 649507 186644 32658 553142 701268 605024 578290 833120 4694 215516 789963 500625 73525 22777 181534 958 550017 362714 29043 8393 231287 421940 328301 3652 327013 134547 180244 844761 940621 824158 739188 950994 217943 138008 222946 800814 4986 582549 790292 687156 393070 17186 264559 171867 262484 165350 19674 155528
31322 20
125393 315246 68304 215805 339274 208473 279823 857911 552348 839933 234702 660809 68132 355314 124426 194533 733325 22062 990729 433710
7783 31
871892 172501 12088 1177 472023 67 137391 719247 835214 352990 77960 13846 79411 189675 68032 210565 22383 665237 427338 264940 605035 633499 882114 90693 11987 157211 505561 619511 145335 684855 392943
147031 54
223957 12908 453195 258628 809958 889920 622073 29895 431953 94980 172124 737327 350048 10155 2 86558 10160 57949 171755 904697 843958 846343 68227 958281 133421 308772 164775 166637 111302 979161 14981 681161 616139 500589 1895 268569 28059 777421 51139 21 447714 141007 280232 15 268 33308 3256 779127 15322 342911 705955 23634 85824 846772
149221 57
850010 37735 289 314418 838807 383831 891761 608075 694 18951 956441 900598 633996 1310 298329 872667 797146 65889 354845 380531 320456 843749 2869 19149 196502 85167 176453 357340 318641 6483 236000 589456 162544 325372 409945 531 486516 631540 27190 318798 544306 397655 464464 924276 446694 250404 572396 707455 267414 50937 937201 612147 6088 127814 288521 82571 32374
189240 10
185864 85908 415529 24548 451925 751947 217057 922196 24436 312323
7442 79
435842 115496 623377 119487 337962 249517 199292 812971 1614 23864 67088 364489 158718 428123 289356 39002 247045 770276 77 390931 735130 208889 463292 666533 8338 181922 756401 256647 166890 356944 938864 174015 633305 712839 585630 3832 39692 366840 62399 391708 209128 240590 203643 683 150093 976106 295078 775336 353986 672126 794319 582918 1814 322192 950107 145267 11827 574545 577094 46473 167209 397667 5302 788237 391602 11586 466598 192080 460828 247956 140203 9853 573297 894317 825696 22807 558839 127054 876717
5056 39
3218 246546 770817 101108 12582 233 729436 899176 271209 11896 52583 791695 647250 65038 468 147565 296847 329257 403186 89014 936580 44934 425822 8648 171508 1 434558 771927 310729 933770 971676 620360 115603 10142 79594 98500 776515 392514 569375
40289 85
610987 9399 118860 22831 704820 45313 115073 519999 8405 332473 869905 525461 431440 574522 411314 570142 348297 313387 18483 530065 336813 763664 188422 971651 144156 62794 54594 44698 764 954841 651096 78226 27966 51937 107177 104599 172471 19299 443067 283480 686088 283711 23345 288232 683089 355439 268883 596132 6367 872648 539537 64838 142831 264019 6449 277718 162162 45047 380806 413739 649042 172116 631552 46352 209571 21706 939444 596385 11933 812174 811921 219356 71230 477957 214 128047 788 37959 79491 172235 343490 189671 257587 186217 233434
170482 72
138951 532167 840876 29655 25560 130151 219563 233620 281150 901988 650680 131539 2365 977991 455937 29874 57836 466819 121998 2379 71496 286419 805015 819063 42226 981130 809274 711446 22792 298842 3739 147316 6467 1 530135 251707 402093 847377 659903 235156 921958 10236 330176 4433 922937 179555 85999 622779 292711 1875 28926 195956 818091 573858 27387 203977 931278 285617 12876 18555 344025 305115 437345 169130 130386 164910 679441 213734 101814 448269 64 222113
235454 38
62 268908 118693 337676 956246 2226 884213 475118 516878 156587 817776 142978 83480 23605 57509 128080 8616 579147 681910 115583 813115 109899 244706 690752 112217 279978 290283 448684 34297 8873 834043 17316 73796 333573 17596 57786 970077 153499
102096 58
770204 13966 13919 748098 4962 401635 66048 809413 770666 194133 755295 601618 8138 853615 75386 49660 104672 699319 7705 198343 990355 549561 20417 860805 385388 10653 280971 454105 167034 465700 799532 233576 525091 368238 38350 311258 145408 337370 885627 979584 177238 21636 979514 658617 350376 610718 229671 605322 823136 385349 163522 550876 321 7153 74917 24923 701301 191007
107984 37
1214 202476 457555 2262 138281 187527 547472 832002 135528 127326 97736 463953 68949 557285 842239 44745 169238 336021 583351 409879 3787 234679 627973 490106 15298 16762 12885 422448 436624 104367 622 310254 42977 25 899516 160234 795681
29851 14
366980 617528 697861 25926 707543 183679 479477 827828 608410 891660 4246 167145 201518 97822
107232 60
17677 32124 1388 140538 847554 5647 351320 7831 848597 97145 863336 36193 315038 8052 48567 975663 241385 517727 81 5464 110862 546990 339706 52936 53423 67000 513842 307779 966440 2001 237433 909758 434264 18917 349667 985988 40846 935684 69207 18059 369619 5482 765069 924325 2113 56669 667440 13355 899820 284798 15828 626521 893238 653524 158640 214788 2483 80169 602212 171035
231414 77
71800 938457 279407 264299 68903 212238 373827 158988 54390 693886 74728 138376 715871 8343 15360 269116 802116 147010 740025 855660 231803 740352 239665 11024 349229 62042 316 93894 173919 140438 145343 38820 214399 131676 450745 489916 7648 417174 964322 9056 861 571169 281821 110333 472877 301308 114967 126089 385047 248502 748704 364448 811384 529948 177642 87654 329404 191076 158466 517648 177379 114929 129881 82408 80330 226791 152184 21283 478996 524252 774537 145101 624619 308816 981428 818295 408960
69627 12
628069 12 873 87231 261063 493244 102329 776780 835369 122273 874350 448616
170731 97
27018 599450 3049 29143 581848 75435 288563 879065 9929 47223 3136 190738 96496 847726 189943 184947 509018 384689 646719 677407 79905 978959 235735 22394 1 557434 106401 75685 411047 529338 29210 81997 477696 269787 116072 33006 82646 150 421481 652615 202994 200418 158612 341 13466 165531 368883 190292 298935 292829 955019 263110 757878 915 39807 258466 287126 89900 297340 681316 960897 269963 4245 730450 116431 193529 8125 882624 166283 14654 437 15909 13571 278996 8110 797786 671300 648932 701087 269382 69039 40822 101801 313020 737662 795143 209068 4812 1456 69974 158019 297 67284 38994 507987 69713 251507
126660 50
18 452222 51977 306958 94008 891980 152352 534257 54334 897695 867655 26945 239233 408274 1919 558394 78701 310831 4404 51053 352084 1389 1163 638755 400149 312527 5510 502430 424693 892 223131 765849 942712 717220 551049 401344 95521 625136 29194 459303 793320 178404 196200 325306 960307 653675 17262 838623 592309 20769
202041 40
796761 32940 305565 114280 483530 711369 69 1768 3572 64700 44946 78183 202023 713353 8598 570771 661543 85870 378 74252 17379 661931 362851 511877 665152 365212 895311 652399 29334 8920 319143 2222 81908 117158 155906 119679 426887 373498 120288 125079
150070 14
92162 549125 26241 491739 637262 428959 19688 882186 61 210502 769569 490267 22587 844228
60658 83
4369 156691 307871 241168 311029 908813 13214 453640 6627 239639 277403 262643 24712 143397 496919 174022 217071 261401 265186 962920 935233 121536 17938 723349 285822 614905 118813 316825 12624 325946 921538 10901 473747 167412 307420 670116 139467 87101 123464 465964 388938 523526 282905 113564 380515 140241 970242 409635 476393 459544 182001 853537 708758 608831 221963 645589 800125 898572 765067 598170 52131 210637 4729 43325 111853 47051 921027 861642 861698 527500 252213 222799 45417 124980 412843 978333 944703 110207 635071 699139 289162 6814 15196
83062 15
212256 96916 686967 68 70320 449850 733089 383171 600213 12374 951872 168181 837446 60027 313376
1083 21
790364 27466 295250 43555 50194 128464 316 545181 10411 71470 777461 4938 266287 33409 3109 15486 12719 409577 652049 769812 459597
208894 37
830592 1270 229213 47888 311468 43311 647072 228689 569721 77222 666 988772 938583 919929 447332 827257 532136 12516 550361 343728 1467 165516 24 729382 400729 360150 994337 434204 135231 860409 477610 446342 774205 368325 558498 51138 187677
19042 89
2895 654189 245139 87821 133549 288815 519312 1994 290946 508319 413948 71363 298370 441650 22994 518 331106 22781 249658 564356 765106 221970 192080 10560 352683 274785 148419 488932 161385 819769 378277 779822 46238 9832 895188 980506 2835 841580 354567 10448 695163 512 111643 384612 756957 379233 501563 220611 71715 707705 171258 294388 709416 767092 131760 63690 2575 176 981025 211649 21425 755546 427095 3054 397445 861374 839986 428382 520724 506757 33249 831438 574366 445590 15448 69948 841059 85122 49073 92552 74900 362613 178094 42776 174245 975298 188735 330118 851607
20573 68
211840 114594 274535 531130 426800 177050 651710 531245 223986 460818 348818 474558 11747 919747 751891 224294 574341 530937 306213 122259 45731 395171 22209 895459 100523 410670 118662 389264 18132 344009 1017 115665 563827 429301 80020 392923 214880 265173 8627 19643 6248 434159 870337 61312 155643 715737 789211 969201 378092 545829 914408 142809 6897 110693 404427 571266 926959 6618 734217 309747 648431 502656 214323 216996 11869 25215 343187 3760
120244 44
104547 410514 922915 825330 235665 38814 796438 6374 416486 695059 202504 164164 635968 336147 398259 394619 248 138520 234457 321690 58782 11943 30067 103215 435097 775965 18491 36571 25046 337614 977225 9269 36627 35603 536979 15600 338867 493225 4732 331412 1614 12939 222429 69015
100289 51
403366 497990 72095 791987 591519 298825 111354 584321 46101 69177 432005 490662 77411 3582 783362 9960 658334 481253 574667 197427 988286 306880 24703 660085 120912 352294 16908 5737 655881 285134 151745 102966 233064 116683 172890 730066 245218 6691 185852 78089 774136 10953 115323 196188 535981 298173 167552 103023 157022 240457 14
1444 84
104559 872448 79 429206 743046 910954 326093 15954 7748 166311 519405 858114 44648 742430 67272 888863 482478 147369 427006 16253 425112 951830 67452 34050 59727 3502 286364 33080 49400 7025 471659 639183 87928 490171 203753 917474 28194 201184 748949 680905 623109 116423 98088 541835 817154 116389 46505 225003 6442 895718 542735 160816 882703 124457 81437 287482 882157 184484 225332 359903 859201 113681 773339 460171 883769 738721 18287 314110 931415 99078 264953 667256 31798 22666 293435 777058 371241 878041 761343 94145 148562 911468 434725 12956
643 68
93935 28255 138 39057 721273 82877 281083 751765 408883 208032 37 2500 298786 258737 80306 330062 93545 265 112486 95760 137529 221948 82264 532663 357534 809508 22798 324354 169 17379 460687 881697 456460 366000 453759 248274 486474 3775 264373 271693 109244 249068 429163 113030 35307 399640 31220 417681 81935 304814 930 10958 16252 517764 47981 107783 148931 25465 123578 625260 557278 722469 12094 437690 242757 866182 178595 828230
182591 25
16945 383039 956930 22702 95317 539804 219034 816085 25255 369616 506567 591990 722455 102901 82405 738916 887012 978520 68951 420523 175972 617369 34464 120618 658131
66809 25
809633 715455 921660 83270 18902 341517 552253 475070 205739 948161 8812 569926 71012 304785 687 5895 120268 418940 498715 19473 300436 113682 52994 1754 523177
131161 47
21024 663658 409219 286923 20903 643266 775780 667753 262276 584916 865346 3256 904630 263770 242707 6169 449825 145365 347153 61516 88387 152635 914172 236646 654397 886755 350055 27177 315343 114802 887470 183740 865989 1663 650726 438653 114362 168250 717 243721 100992 62081 43706 711992 788216 4564 720322
2136 86
63203 44870 812821 30884 961710 663659 447991 813436 374035 734401 642685 693084 411590 374444 988162 624504 394226 184791 947188 865046 962641 1717 110906 936271 88273 8507 10065 750 644387 22951 843909 551015 450547 749698 568577 59028 20009 64919 578238 58543 349145 93831 112249 523880 244303 458164 949573 586645 173530 755539 41426 859879 7099 146891 994976 21205 626320 240976 33071 134660 44108 196382 1552 378537 417629 17029 2642 8959 759780 330017 119764 188664 108064 54266 277789 111777 289809 2125 752855 303141 645318 193903 327180 3856 548891 62538
86603 55
354613 476554 10902 54469 56641 712749 11251 998716 39494 683577 517491 264322 727132 693322 26690 48565 180367 192559 890 382271 264343 859777 197415 23335 19736 1080 447070 74938 500666 849507 903319 37067 343253 325205 54271 518462 424031 667658 557180 451227 716986 23853 166 312658 297736 48752 145793 936950 931752 814852 861193 4073 29856 140554 328
107091 71
416543 27943 11308 187154 177512 467883 25581 574432 419464 18375 965917 11563 759416 285026 493599 254400 267813 54878 857580 167933 49482 414899 45923 105216 297026 304908 681821 156542 19112 552300 95650 152753 32170 493964 4655 2526 86066 334964 948831 501032 444739 449810 213881 886270 57162 11745 799436 20932 45975 81140 375113 3357 205355 38221 30235 841238 82087 281623 3623 108959 636895 357181 52222 116593 89020 795965 603853 535806 396490 75126 28815
757 24
227832 95634 491104 430636 584549 746678 982095 494248 389604 22664 780359 574997 66918 810370 713745 160596 470681 394 1055 137234 2421 781083 144151 712704
32305 76
208018 953564 305 598033 432751 70233 53995 15760 220930 679433 19341 103094 109 470783 410084 12615 552562 43122 367912 15565 894874 70165 337842 107587 207019 96100 917763 805897 549798 829958 8596 1410 134669 19301 156578 432791 996360 644753 2085 285653 916642 50031 98733 3951 133912 446286 295521 197901 37167 455173 187295 937286 453327 319917 964648 755902 329499 18615 838877 17784 29 107912 320723 1042 91690 704 125735 326953 875495 121768 563467 108348 77153 424375 239449 103803
27625 23
892941 180 212776 224483 495822 230642 237368 42934 119255 458393 201380 411040 522142 844997 518264 971868 328818 613879 410496 78953 801816 551051 855103
213413 13
763520 432550 223151 3021 273331 170226 574195 130 487629 22535 22107 942397 353
4 50
901923 2229 861168 386733 247707 54550 424275 30398 7483 817023 575339 831552 135269 119196 195927 258582 15773 687769 836869 45910 143362 161736 102828 346943 806907 243841 3985 2381 55168 471317 9311 859395 617662 500281 640481 357127 306705 21746 373636 39815 193436 301448 248393 950949 483706 963827 800834 91469 611663 367677
222 61
260237 334718 306545 306254 25644 968288 81029 340078 927401 319824 591721 482958 270619 195703 135607 3874 281730 419516 606135 564548 678967 161888 879449 368964 5145 868640 554231 36640 34019 69 691840 198607 469027 63419 351239 931892 235428 517107 162902 129387 441185 2488 68067 191558 70135 325363 376337 261060 63541 57695 328158 7001 792164 791796 81843 309366 22692 66019 473415 192222 380724
175031 30
443939 972111 52816 164197 975629 341763 197375 652177 700013 573284 987339 151160 965885 725 405633 436633 241594 162199 377660 948825 425872 38311 307883 328499 629564 654446 40607 923 215051 143620
147829 46
588569 703016 907401 1824 975418 309085 679691 42825 603527 69469 769201 511424 418661 278359 775888 297055 65413 99 236556 17513 748282 238 291789 918068 494739 246237 553594 502898 474881 910379 1213 91047 301248 4217 50392 202312 589332 975744 193169 468955 5354 77546 890794 990095 52158 713763
237167 50
182334 135918 16608 493580 812868 660356 119479 106044 99 34892 39036 807078 533417 267013 245769 131102 425831 651450 88311 522080 64182 391622 915864 976917 622941 698021 87775 26717 10107 829022 8005 73560 499018 338755 281020 16605 475 782822 126123 1614 911943 626610 908793 475150 109562 9029 170472 276429 29956 3763
151194 40
386227 26105 307021 357793 96113 33450 257076 359161 527649 27202 257933 235919 424777 68982 466265 907605 148858 473118 985119 547206 233424 13525 71760 12320 589 234750 566156 39482 716793 132629 28537 9883 164353 174144 51963 25181 269290 23670 919054 424537
2442 84
384227 256235 790795 960776 632344 73648 274786 266582 965367 769244 3673 37792 691 31478 77476 86434 991883 22637 705075 45307 40021 77261 439112 86544 97012 15256 713110 167707 587 46096 178042 405474 102674 425704 759649 339726 98252 357 15791 378835 811817 54799 142184 87495 311935 65464 763254 861808 574872 82155 224979 3794 532189 225139 247920 70483 457944 55231 10234 685251 246431 137511 599534 655605 488018 875219 76222 358095 681185 81050 68271 57166 37167 410610 125346 304958 62548 384575 243894 24875 839065 150164 129534 33371
43511 64
343068 413224 189824 12239 446102 274753 13436 25483 379526 252253 623811 163744 537860 64950 50442 766007 327609 8850 297 749245 241666 993224 265296 411279 274938 932394 18076 258408 37893 37671 822866 17437 43405 334830 366663 604220 47209 60 17782 557281 339380 83787 600045 950576 5148 5846 52577 17407 555818 3120 367486 13878 617327 563926 943626 295859 148856 11994 219977 14384 426930 22462 23902 491102
50913 99
5381 986715 23612 769578 170910 934 57521 561460 80785 693694 808894 604321 165153 273364 116937 296763 518092 4787 919478 59009 870420 342015 223117 289044 297716 180793 665809 84746 129368 692055 106756 2719 484420 10804 341439 828378 1001 357984 341567 562799 301623 750304 169153 287667 34894 19991 604624 372476 6706 871448 34 316510 243359 315037 156673 51108 144809 834932 168336 756 350994 46764 591727 17981 394532 316740 418261 6355 544003 47608 73199 434287 302514 522558 234029 5012 644520 783253 50075 434307 279357 480279 987750 936809 32787 96095 415972 68048 14968 535161 639892 510652 395118 123119 246315 690029 775493 445152 29760
73132 30
694707 8679 798668 3426 790086 13134 960382 136531 247434 443200 191557 518556 64761 263451 8232 8016 94634 161773 11414 260170 73605 991083 44712 115371 116827 46802 289011 955686 208235 337808
153793 37
54516 273268 912774 551678 405842 762215 575967 870040 34554 724855 199059 874003 350999 360 344319 111715 127186 6564 87466 86703 628556 500445 155543 990908 5071 917 678919 586160 2470 41969 156686 48281 245 42253 847965 733297 144462
180217 70
508310 816965 314709 161451 576 346462 363369 199278 73135 25 246427 364350 524901 833291 98699 460018 844702 171693 33479 570160 91333 58358 766790 1646 420840 31376 164882 40466 917796 263791 886080 257427 630329 89017 696314 18162 19942 168801 649826 422053 175614 175017 886838 49471 256192 675839 836834 97305 653700 605275 1251 309567 143436 360456 686589 3264 586511 44109 26089 934562 111459 38684 1531 709570 946018 433601 914015 372941 266705 45349
221150 64
565823 105471 866673 349108 14697 48523 435377 104703 447707 37886 380868 215885 211108 932982 611556 698186 141 167345 654088 914362 522694 960317 138386 798513 522327 56771 349072 94258 583052 396347 20729 168592 319573 725638 419354 72675 215856 903476 670499 16694 33341 155339 11545 618155 124140 309641 682837 907339 399058 838612 374222 11935 39367 1381 685479 185340 70325 151 764 777230 390980 239565 833423 617544
13245 94
955095 177384 6207 100100 496548 132393 335302 30426 486287 362416 667896 737463 38842 779461 77135 19700 7900 76543 594592 404875 853161 803993 25546 209289 53670 95737 8511 109889 3484 152701 622313 182057 29698 93257 923028 9776 620652 501611 271009 325470 761804 439945 118214 362057 943795 879235 927223 167651 23975 171336 97514 301784 10044 862675 174016 281087 26734 708892 24438 793112 729301 136962 122255 270342 122657 346811 65415 505645 484406 169557 493566 387932 15185 387806 181530 259463 8093 655359 64608 36124 47582 241748 142924 46864 728167 276303 115812 130641 51335 326583 333819 869649 61462 285710
176826 79
107915 875409 231513 838737 487755 717484 792075 307173 120726 164414 1965 59978 601157 276657 34629 3677 272025 346788 610681 895299 3076 152302 120459 145363 576146 521 317757 61877 27552 223485 256873 59528 250159 917741 14293 494159 553929 908698 651710 14010 103148 622428 314153 294771 551247 315253 9599 2315 56280 13520 12059 376710 797520 11961 901791 196494 866153 27392 399620 131636 190074 813507 47518 859452 221962 161596 123635 636332 527743 19986 616744 208473 351103 21294 66707 971553 673014 689460 747107
416 27
68722 765415 142682 163989 52093 109448 872689 154835 876778 624856 571236 803129 149861 97958 408941 19143 845891 64189 653144 66707 590797 100393 221418 853720 400381 715209 381421
153987 66
270512 277211 18079 396315 277082 157857 670250 235390 369993 865637 188126 655989 11114 661791 268469 1032 207677 255735 321256 525280 118152 6870 26450 221676 83081 95137 776321 703 174426 186182 23633 67541 325164 32894 125381 191312 454592 39201 42176 1887 20 569970 238343 15542 424867 712216 305876 116560 352662 24354 776802 556787 381410 154504 53474 540308 316471 224225 349176 400887 434179 709904 247207 2141 283399 273629
218130 61
156931 22659 154323 872277 245811 105356 53031 92142 518130 363549 371743 28388 182158 440297 62434 311248 157287 180198 618061 6126 356939 332947 874183 93039 91657 60473 43577 223192 177508 824 30972 208444 19117 739822 767819 37716 53401 743984 13285 351174 536509 91638 713397 818038 273002 189466 896959 490658 704131 16447 706371 211504 578667 553367 339087 738754 894725 548565 641155 784322 937801
133978 37
808966 207123 444947 61224 779317 305988 230514 54359 42071 309419 186533 5180 340207 137511 422498 173166 358407 164369 621479 59524 198715 550408 12002 245556 730493 18029 50401 151 971171 566573 250722 451062 771791 433642 931074 973419 251216
22417 78
45476 767373 9703 1458 45281 914726 698851 690637 103358 414612 102678 338019 436659 467916 549289 711278 44921 409170 476115 542003 490033 913126 93779 359979 18952 312134 717165 54828 466428 12943 203116 223746 309175 1704 1886 5442 401521 692207 755334 250180 24007 558459 150215 11098 680984 54151 203548 27544 962113 824947 386674 45526 816624 13826 18342 548689 778733 45744 1525 50475 309836 434569 107097 405406 814954 278173 545195 76858 327712 23905 34958 893723 18703 122201 3022 339076 596170 160319
136075 29
574782 25314 972308 990703 22994 13434 162222 268881 313975 989396 89883 1421 266308 943294 452249 770596 761011 898641 49004 201154 4096 96836 122770 273 16932 737807 294180 706522 5710
26289 87
626066 469890 541618 2653 962533 729439 27843 43785 742651 499656 275427 56820 81254 348402 915017 591640 15054 196431 498 191288 50069 6585 328091 460003 262095 163043 740022 67334 346946 260027 193 674742 1583 96940 751572 525688 230809 811896 101698 304073 570590 15076 46319 888989 431261 55427 41566 154874 268945 7092 11524 715897 258025 983749 62207 137664 214652 12985 820931 945160 3134 224775 3838 16538 12756 622866 475752 72608 251837 192305 386328 333582 55488 384117 946423 289287 590740 101183 258970 100194 35445 781509 487980 873445 199561 431007 599167
7720 77
88974 410356 165707 916045 978775 3463 346138 114605 420908 218643 22217 312266 65158 226899 672748 18019 296505 21167 544090 444972 312207 11162 222937 621466 391242 43097 121774 737571 277194 549456 145149 894331 126207 121747 46574 25527 955 683079 3275 62753 6745 2541 4080 567517 99077 122289 523635 211327 858703 35056 55210 108302 469220 163059 815869 947823 175530 345495 34665 37361 378558 641815 169877 855699 649798 399872 955289 199210 453154 257258 5143 365873 603797 310331 228207 4899 952282
86324 96
981703 60013 401658 37347 176948 260301 6077 45890 818383 469678 135622 281146 295939 11299 2468 226120 430935 35680 154786 72780 294685 417219 148609 542588 329371 9170 964516 303216 17791 780238 788254 487 7610 983782 284080 928874 58034 398146 27400 353009 459323 543813 312084 706971 756457 559333 17914 16949 215236 457474 132217 16824 543820 5143 199466 45561 455236 1781 896933 596484 263905 645152 575395 46331 502014 285430 843127 87483 12194 945872 14207 610997 3421 147398 103583 166342 23118 219101 433574 129518 815275 227076 462243 486714 1943 981961 104546 8028 987362 444592 187362 240979 928962 100 26234 129090
212922 71
57569 223468 189594 902333 635 32777 689235 915365 100896 9755 237635 779749 5193 8823 462912 69570 3420 104016 930891 181835 141066 170696 130842 72153 492076 64 66429 2927 893964 171234 537807 599231 77655 56634 441483 667910 706874 898822 46190 952850 10370 387798 385912 752630 45812 918502 475802 455757 141480 548 40457 180913 305010 454853 100813 22909 864739 525536 786515 728322 262092 602052 255518 8620 410028 92031 625494 292838 6786 984749 316221
137480 67
253264 620311 285103 799668 16194 20840 922213 928340 3106 490681 57323 367635 668033 39056 46130 91007 16912 7800 499294 51413 912835 460183 256324 945793 703219 375079 1 987542 662286 5859 214551 90356 97046 492964 810387 720995 399922 492209 775130 26279 290045 938703 161700 14717 335438 3979 177652 80893 2516 715988 819184 3463 69881 27492 486655 564603 249448 370455 8785 277408 22823 82658 306975 643108 426866 453702 849760
26985 83
947689 310 104495 374210 447 165942 79773 962008 702634 77610 520866 695056 155974 443184 1339 688628 345920 145616 891820 242540 728705 410285 817674 136716 34959 38996 259602 739239 103902 949546 248349 373313 97934 477867 7073 580657 1137 775363 73387 675421 634462 583930 398451 11864 109531 184575 5580 967783 556013 309005 414732 3657 267506 181168 39636 749291 940427 606870 425121 171390 387652 513590 64585 289267 192005 470463 157834 103254 43163 471525 139042 75669 8043 283474 759874 613317 727747 731411 250596 402669 642880 117273 112147
239470 70
56957 646048 314021 182074 303282 19795 970697 970452 221023 408560 347621 288087 124209 730495 249614 915038 631178 509368 926533 987255 487414 5467 3371 11637 11583 599563 66794 247557 213089 104576 835463 144860 24912 195032 634178 416839 1221 504384 256666 15514 633324 772772 438440 264433 112171 270786 119216 88770 446392 160861 36538 26217 545334 334753 281970 6 366096 341 660631 953330 799690 91693 80173 772895 389433 568028 152 99795 790573 49
10384 33
170033 58114 793642 303119 6877 687347 741266 102 4205 13620 40751 498728 139890 925824 9443 599650 543347 73068 536662 269071 468497 950435 171249 290996 29712 9572 184997 298977 70479 138922 143198 622422 39221
109265 29
820913 132821 403509 231249 143583 279468 194193 763208 459455 88972 949403 766900 127682 910993 552344 571557 695754 447789 39477 61780 417294 431718 74 531471 67880 48370 425288 276080 44600
2284 30
545670 129032 290104 586406 315328 121460 392278 675621 1125 15666 890138 35435 609989 45189 442 203982 365407 570293 840511 677785 670453 599056 29841 633073 409486 440077 29043 71607 627862 1764
77132 19
272639 143109 5164 448632 651856 947802 449703 49430 409131 884144 955017 678171 92279 8442 87100 249391 954767 400713 895552
18954 95
864563 280930 524022 221566 747966 288142 45441 28370 240307 28559 980094 11126 16415 52322 621995 812639 232146 832634 52382 58945 344 428456 120082 4668 13237 637884 631483 400156 24186 210161 183959 564243 102889 19421 124404 3509 200107 18 12795 240148 403748 5214 657080 416 114932 8947 595508 646041 8350 118127 233152 202131 898219 407 710457 164309 531086 945396 193846 509565 215759 391143 848004 527620 41 374007 348020 120024 481692 458966 516395 4225 158736 427997 71496 181166 194183 188489 102298 610293 3 388790 96330 166992 113852 967812 808 44389 923692 25867 698887 396895 696503 29071 297771
58178 42
1193 76 382351 419770 130954 52159 381847 27009 24822 340053 185564 200108 793842 534934 750354 313557 586912 800021 242 795863 394044 342912 711627 152048 154 668908 933750 427724 2230 89222 579537 953093 214806 68787 6211 862271 519207 335569 200995 77782 18572 540586
143931 59
115602 574 1621 125924 106120 701399 183517 2970 69152 437537 271132 611410 114914 393876 901733 180729 219757 143414 882637 694768 16717 716568 30692 343154 787 611318 13052 319511 187346 9411 30011 43722 39444 146014 360 163832 744382 68627 8372 9388 959695 572100 113266 150847 904222 310619 626345 437272 21310 700852 4992 185585 163304 503658 73374 689506 990963 157645 213307
56541 87
2342 179416 392 796733 983440 26738 455592 466 4929 137139 995272 925481 51944 827881 335856 24550 5612 13971 262959 406886 603092 185084 143488 35823 329917 1361 94 51525 320589 655222 420631 181997 959224 20002 78169 17244 883947 597 59610 106449 717701 12808 626103 352001 801664 23856 417052 306855 759498 610909 378211 348 140794 212228 121467 3128 439496 615695 316410 697108 230883 373455 701780 972427 178407 414413 878797 355840 5 65505 109742 287455 120660 849196 469889 27731 444664 90890 765694 514023 15480 446711 374256 10129 4533 160885 813603
39556 12
93275 498411 101837 933325 2366 938058 929615 185822 246250 263163 100885 993991
30968 98
195431 516280 172874 231089 535457 2947 920209 156134 481991 113270 953380 515511 8176 352874 144660 805496 382009 244794 593454 14 562027 453609 266732 107044 221203 971332 171208 535000 620557 56236 887379 17885 83387 350916 183325 390661 172849 261295 12892 533948 189229 234305 731943 651624 148244 858655 30097 177871 820760 986607 247350 367381 717292 711602 123031 34275 211081 595714 22183 103218 843947 869575 335698 24302 78798 733369 648376 146306 77912 221649 312857 2262 57139 19968 108112 973482 8342 905256 61803 85188 576152 399068 746833 631311 296072 1741 43349 313860 414823 302747 65563 425379 2631 135831 256498 200660 121904 545455
74865 28
640469 253720 186939 92143 607604 594192 288416 680381 679047 446946 19680 77789 25164 785236 69800 958633 38099 61607 418067 981750 177337 862265 27006 91222 78295 937790 112411 538690
88583 31
705785 762721 435242 7414 791642 49223 115306 477867 353498 403036 283534 12689 581744 31260 716368 434451 823734 15985 651394 236451 776030 17521 71538 375835 5122 15962 32992 241330 18255 545786 692008
15652 57
88 167235 277181 159585 4477 604083 58649 614 101015 104060 30887 758345 620251 183743 1148 149080 67322 22 884977 653432 103833 673381 2261 391214 40450 116868 248845 618878 245079 245521 152988 78731 168837 944523 105081 115993 298748 844323 25340 248124 682104 64765 297175 230041 38725 116953 572106 155205 143374 26893 944221 468259 124251 721817 6793 604560 21332
127754 60
568739 978772 622828 864053 116128 6880 288237 505036 701956 319869 337470 550758 65793 97919 18532 714156 419964 833553 115515 70315 369541 20008 113991 478804 770915 926568 67539 207616 233896 42840 142534 438482 172915 753 524121 259177 724983 61942 799633 10028 31921 4852 176549 323368 34689 170593 113078 18615 594408 325488 900485 6722 145855 343630 559970 274709 9270 3009 450584 46831
