100
3 8
5 6 9 4 8 2 1 7
3 1
2
3 10
2 4 8 16 32 64 100 100 100 100
3 10
1 4 4 4 4 4 4 4 4 4
100 1
100
3 5
11 20 60 22 100
2 10
100 100 100 100 100 100 100 100 100 100
3 5
100 100 100 100 100
3 4
1 6 12 49
2 6
9 64 19 16 81 80
1 10
100 100 100 100 100 100 100 100 100 100
1 10
1 1 1 1 1 1 1 1 1 1
4 4
51 18 4 26
1 7
11 10 2 6 71 56 94
4 7
72 2 3 84 39 99 1
11 6
21 4 17 84 16 21
11 3
7 2 48
11 2
1 78
3 6
57 1 95 3 79 49
2 7
14 1 80 75 5 60 4
1 2
59 28
14 3
31 17 23
21 3
81 92 12
6 6
1 37 5 41 20 88
4 9
73 8 1 86 72 2 1 20 19
25 1
79
2 7
29 41 16 50 14 6 36
10 3
22 2 27
6 8
23 14 6 20 3 39 31 28
1 3
22 21 3
3 6
40 4 13 94 25 47
11 4
65 59 16 1
20 6
16 2 87 18 19 29
1 8
4 18 15 14 64 1 43 4
6 7
26 18 44 47 59 2 1
16 2
36 63
11 9
4 34 46 18 70 41 10 16 3
9 8
37 1 4 85 20 75 84 7
1 4
31 96 18 4
23 1
17
12 2
46 91
18 9
1 49 1 1 26 17 1 65 53
4 1
41
14 6
1 21 1 57 31 58
1 9
27 73 99 6 7 68 70 55 6
24 2
8 38
18 8
25 21 30 87 72 89 1 17
1 2
76 1
22 7
27 21 99 30 94 9 28
1 6
26 62 39 35 53 8
2 2
67 14
4 2
7 26
6 9
8 81 21 21 18 3 27 97 75
4 5
16 1 10 33 1
11 2
16 53
2 9
21 73 4 3 4 3 5 68 6
19 7
1 2 1 1 79 99 93
6 7
11 89 99 71 79 96 16
1 4
9 83 42 10
1 1
15
10 7
39 96 56 90 1 10 10
7 8
1 7 89 99 13 44 28 12
13 1
41
3 1
1
1 6
7 9 2 35 2 5
22 7
19 1 43 9 35 55 60
3 1
65
8 9
96 11 63 13 17 12 35 16 5
1 2
19 9
4 8
65 81 1 1 23 8 60 1
1 1
5
18 8
60 1 93 17 18 71 7 62
3 5
1 18 37 1 25
9 9
77 67 39 42 36 6 77 12 11
3 5
81 11 7 23 51
12 3
88 6 52
7 6
67 24 59 5 23 43
1 8
82 34 83 15 28 10 3 34
3 1
64
13 7
11 11 1 5 2 53 6
21 7
2 50 3 69 97 41 38
11 5
79 47 63 1 14
24 9
17 45 11 99 1 1 5 2 46
12 9
86 30 80 7 21 1 4 89 65
6 1
20
1 3
76 37 20
3 5
27 1 4 21 24
18 4
8 55 4 30
18 4
3 5 77 87
13 6
90 1 10 89 33 3
1 4
12 18 1 36
2 6
37 89 1 3 83 80
1 2
18 14
25 2
2 47
15 1
89
6 8
61 1 41 85 47 1 31 39
2 3
94 2 73
7 7
30 86 79 2 8 2 30
6 4
76 17 91 2
8 3
7 14 95
