100
1 9
1 65
384 485
418 736
121 485
1 101
13 814
7 729
1 5
8 742
118 598
667 900
122 483
1 10
21 121
743 918
635 644
1 1
8 121
407 542
65 742
483 485
4 104
4 221
851 915
257 793
255 892
384 742
310 616
8 484
3 104
484 584
3 121
21 584
303 485
9 734
4 4
290 330
65 121
1 121
255 472
1 302
8 221
16 375
1 1000
450 710
4 10
3 5
8 9
384 484
10 120
118 920
539 750
106 816
452 636
795 940
384 584
510 601
122 1000
3 122
121 484
303 742
7 9
21 485
8 65
380 621
100 1000
21 742
293 777
7 109
905 929
303 484
4 65
79 355
816 823
1 4
1 104
464 718
3 6
3 4
1 484
1 109
3 10
120 302
9 121
121 221
3 65
510 589
512 669
883 998
3 109
65 584
1 2
3 9
483 584
4 109
140 385
120 584
1 6
1 742
