26 45
27 29
28 45
28 46
28 49
29 45
29 46
29 47
30 42
30 43
31 43
31 44
31 47
31 50
31 51
32 42
32 43
32 44
32 45
32 47
32 50
32 51
32 52
32 56
33 30
33 42
33 44
33 45
33 47
33 49
33 50
33 51
33 52
33 53
33 55
34 30
34 44
34 45
34 46
34 47
34 49
34 50
34 51
34 52
34 53
34 54
34 55
34 56
34 58
35 43
35 45
35 46
35 47
35 48
35 49
35 50
35 51
35 52
35 54
35 57
35 58
35 60
36 28
36 42
36 45
36 46
36 47
36 48
36 51
36 52
36 53
36 54
36 55
36 56
36 57
37 23
37 27
37 40
37 44
37 45
37 46
37 47
37 48
37 51
37 52
37 53
37 54
37 55
37 56
37 57
37 58
37 59
37 60
38 20
38 27
38 29
38 42
38 43
38 44
38 45
38 46
38 47
38 48
38 49
38 50
38 51
38 52
38 53
38 54
38 55
38 56
38 57
38 58
38 59
38 60
38 62
38 63
39 27
39 41
39 42
39 44
39 45
39 46
39 47
39 48
39 49
39 50
39 51
39 52
39 53
39 54
39 55
39 56
39 57
39 60
39 63
40 18
40 19
40 23
40 27
40 40
40 41
40 42
40 43
40 44
40 45
40 46
40 47
40 48
40 49
40 50
40 51
40 52
40 53
40 54
40 55
40 56
40 57
40 58
40 59
40 60
40 61
40 62
40 63
41 18
41 20
41 25
41 26
41 27
41 29
41 30
41 41
41 42
41 44
41 45
41 46
41 47
41 48
41 49
41 50
41 51
41 52
41 53
41 54
41 55
41 56
41 57
41 58
41 59
41 60
41 61
41 62
41 63
41 71
42 18
42 19
42 20
42 21
42 22
42 23
42 25
42 27
42 28
42 29
42 34
42 40
42 41
42 42
42 43
42 44
42 45
42 46
42 47
42 48
42 49
42 50
42 51
42 52
42 53
42 54
42 55
42 56
42 57
42 58
42 59
42 60
42 61
42 63
42 65
42 68
42 71
42 72
43 17
43 19
43 20
43 21
43 23
43 24
43 25
43 27
43 40
43 42
43 43
43 44
43 45
43 46
43 47
43 48
43 49
43 50
43 51
43 52
43 53
43 54
43 55
43 56
43 57
43 58
43 59
43 60
43 61
43 63
43 65
43 66
43 70
43 72
44 16
44 17
44 18
44 19
44 20
44 21
44 23
44 24
44 25
44 27
44 40
44 41
44 42
44 43
44 44
44 45
44 46
44 47
44 48
44 49
44 50
44 51
44 52
44 53
44 54
44 55
44 56
44 57
44 58
44 59
44 60
44 61
44 62
44 67
44 68
44 72
45 17
45 19
45 20
45 21
45 22
45 23
45 24
45 25
45 26
45 27
45 30
45 36
45 38
45 40
45 41
45 42
45 43
45 44
45 45
45 46
45 47
45 48
45 49
45 50
45 51
45 52
45 53
45 54
45 55
45 56
45 57
45 58
45 59
45 60
45 61
45 62
45 63
45 65
45 66
45 68
45 70
45 71
46 15
46 16
46 17
46 19
46 21
46 22
46 23
46 24
46 25
46 27
46 28
46 31
46 36
46 37
46 38
46 40
46 41
46 42
46 43
46 44
46 45
46 46
46 47
46 48
46 49
46 50
46 51
46 52
46 53
46 54
46 55
46 56
46 57
46 58
46 59
46 60
46 61
46 62
46 63
46 65
46 67
46 68
46 70
46 72
47 14
47 15
47 16
47 17
47 18
47 19
47 20
47 21
47 22
47 23
47 24
47 25
47 27
47 28
47 30
47 33
47 38
47 39
47 40
47 41
47 42
47 43
47 44
47 45
47 46
47 47
47 48
47 49
47 50
47 51
47 52
47 53
47 54
47 55
47 56
47 57
47 58
47 59
47 60
47 61
47 62
47 64
47 66
47 67
47 68
47 69
47 72
47 73
48 14
48 15
48 16
48 17
48 18
48 19
48 20
48 21
48 22
48 23
48 24
48 27
48 31
48 32
48 34
48 37
48 38
48 39
48 40
48 41
48 42
48 43
48 44
48 45
48 46
48 47
48 48
48 49
48 50
48 51
48 52
48 53
48 54
48 55
48 56
48 57
48 58
48 59
48 60
48 61
48 62
48 67
48 68
48 70
48 71
48 72
49 17
49 18
49 19
49 20
49 21
49 22
49 23
49 24
49 25
49 26
49 31
49 35
49 36
49 37
49 38
49 39
49 40
49 41
49 42
49 43
49 44
49 45
49 46
49 47
49 48
49 49
49 50
49 51
49 52
49 53
49 54
49 55
49 56
49 57
49 58
49 59
49 61
49 62
49 64
49 65
49 68
49 70
49 71
49 72
49 75
50 14
50 15
50 16
50 17
50 18
50 19
50 20
50 21
50 22
50 23
50 24
50 25
50 26
50 27
50 29
50 31
50 32
50 37
50 38
50 39
50 40
50 41
50 42
50 43
50 44
50 45
50 46
50 47
50 48
50 49
50 50
50 51
50 52
50 53
50 54
50 55
50 56
50 57
50 58
50 59
50 60
50 61
50 62
50 63
50 64
50 65
50 66
50 68
50 70
50 71
50 72
51 13
51 14
51 15
51 17
51 18
51 19
51 20
51 22
51 23
51 31
51 32
51 33
51 34
51 35
51 36
51 37
51 38
51 39
51 40
51 41
51 42
51 43
51 44
51 45
51 46
51 47
51 48
51 49
51 50
51 51
51 52
51 53
51 54
51 55
51 56
51 57
51 58
51 59
51 60
51 61
51 62
51 64
51 65
51 66
51 67
51 68
51 69
51 70
51 72
51 75
51 76
52 11
52 13
52 14
52 15
52 17
52 18
52 19
52 20
52 21
52 23
52 24
52 26
52 33
52 35
52 36
52 37
52 38
52 39
52 40
52 41
52 42
52 43
52 44
52 45
52 46
52 47
52 48
52 49
52 50
52 51
52 52
52 53
52 54
52 55
52 56
52 57
52 58
52 59
52 60
52 61
52 62
52 63
52 64
52 65
52 67
52 68
52 69
52 70
52 71
52 72
52 73
52 74
52 75
53 13
53 18
53 19
53 20
53 21
53 23
53 25
53 30
53 31
53 32
53 33
53 34
53 36
53 37
53 38
53 40
53 41
53 42
53 43
53 44
53 45
53 46
53 47
53 48
53 49
53 50
53 51
53 52
53 53
53 54
53 55
53 56
53 57
53 58
53 59
53 60
53 61
53 62
53 64
53 65
53 66
53 68
53 70
53 71
53 72
53 73
53 75
54 13
54 14
54 15
54 16
54 17
54 18
54 19
54 20
54 21
54 23
54 25
54 30
54 31
54 32
54 33
54 34
54 35
54 36
54 37
54 38
54 39
54 40
54 41
54 42
54 43
54 44
54 45
54 46
54 47
54 48
54 49
54 50
54 51
54 52
54 53
54 54
54 55
54 56
54 57
54 58
54 59
54 60
54 61
54 62
54 63
54 64
54 65
54 66
54 67
54 68
54 69
54 70
54 71
54 72
54 73
54 74
55 13
55 14
55 16
55 17
55 18
55 19
55 20
55 21
55 23
55 25
55 28
55 30
55 31
55 32
55 34
55 35
55 36
55 37
55 38
55 39
55 40
55 41
55 42
55 43
55 44
55 45
55 46
55 47
55 48
55 49
55 50
55 51
55 52
55 53
55 54
55 55
55 56
55 57
55 58
55 59
55 60
55 61
55 62
55 63
55 64
55 65
55 66
55 67
55 68
55 69
55 71
55 77
56 14
56 15
56 16
56 17
56 18
56 19
56 20
56 21
56 22
56 23
56 25
56 30
56 31
56 32
56 33
56 34
56 35
56 36
56 37
56 39
56 40
56 41
56 42
56 43
56 44
56 45
56 46
56 47
56 48
56 49
56 50
56 51
56 52
56 53
56 54
56 55
56 56
56 57
56 58
56 59
56 60
56 61
56 62
56 63
56 64
56 65
56 66
56 67
56 68
56 69
56 70
56 71
56 74
56 75
56 76
57 14
57 15
57 16
57 17
57 18
57 19
57 20
57 21
57 22
57 23
57 25
57 27
57 30
57 31
57 32
57 34
57 35
57 37
57 39
57 40
57 41
57 42
57 43
57 44
57 45
57 46
57 47
57 48
57 49
57 50
57 51
57 52
57 53
57 54
57 55
57 56
57 57
57 58
57 59
57 60
57 61
57 62
57 63
57 64
57 65
57 66
57 67
57 68
57 69
57 70
57 71
57 72
57 75
58 12
58 15
58 16
58 17
58 18
58 19
58 20
58 22
58 23
58 25
58 29
58 30
58 32
58 33
58 34
58 35
58 36
58 37
58 39
58 40
58 41
58 42
58 43
58 44
58 45
58 46
58 47
58 48
58 49
58 50
58 51
58 52
58 53
58 54
58 55
58 56
58 57
58 58
58 59
58 60
58 61
58 62
58 63
58 64
58 65
58 66
58 67
58 68
58 69
58 70
58 71
59 15
59 16
59 17
59 18
59 19
59 20
59 22
59 23
59 27
59 30
59 31
59 32
59 33
59 34
59 35
59 38
59 39
59 40
59 41
59 42
59 43
59 44
59 45
59 46
59 47
59 48
59 49
59 50
59 51
59 52
59 53
59 54
59 55
59 56
59 57
59 58
59 59
59 60
59 61
59 62
59 63
59 64
59 65
59 66
59 68
59 69
59 70
59 71
60 14
60 16
60 17
60 18
60 19
60 20
60 23
60 25
60 31
60 33
60 35
60 38
60 39
60 40
60 41
60 42
60 43
60 44
60 45
60 46
60 47
60 48
60 49
60 50
60 51
60 52
60 53
60 54
60 55
60 56
60 57
60 58
60 59
60 60
60 61
60 62
60 63
60 64
60 65
60 66
60 67
60 68
60 69
60 70
60 71
61 14
61 15
61 17
61 18
61 19
61 20
61 21
61 23
61 26
61 27
61 33
61 34
61 35
61 36
61 37
61 38
61 39
61 40
61 42
61 43
61 44
61 45
61 46
61 47
61 48
61 49
61 50
61 51
61 52
61 53
61 54
61 55
61 56
61 57
61 58
61 59
61 60
61 61
61 62
61 63
61 64
61 65
61 66
61 67
61 68
61 70
62 14
62 16
62 17
62 18
62 19
62 20
62 22
62 25
62 26
62 27
62 28
62 29
62 30
62 31
62 33
62 34
62 35
62 36
62 37
62 38
62 40
62 42
62 43
62 44
62 45
62 46
62 47
62 48
62 49
62 50
62 51
62 52
62 53
62 54
62 55
62 56
62 57
62 58
62 59
62 60
62 61
62 62
62 63
62 64
62 65
62 66
62 67
62 69
62 70
63 12
63 14
63 15
63 16
63 17
63 18
63 20
63 21
63 22
63 23
63 24
63 25
63 26
63 27
63 28
63 29
63 30
63 36
63 39
63 43
63 44
63 45
63 46
63 47
63 48
63 49
63 50
63 51
63 52
63 54
63 55
63 56
63 57
63 58
63 59
63 60
63 61
63 62
63 63
63 64
63 65
63 66
63 67
63 68
63 70
64 11
64 12
64 14
64 15
64 16
64 17
64 18
64 19
64 20
64 23
64 25
64 26
64 28
64 29
64 30
64 31
64 32
64 33
64 34
64 35
64 36
64 38
64 39
64 40
64 41
64 42
64 43
64 44
64 45
64 46
64 47
64 48
64 49
64 50
64 51
64 52
64 53
64 54
64 55
64 56
64 57
64 58
64 59
64 60
64 61
64 62
64 63
64 64
64 65
64 66
64 67
64 68
64 69
64 70
65 13
65 14
65 15
65 16
65 17
65 18
65 19
65 21
65 22
65 23
65 25
65 26
65 27
65 28
65 29
65 30
65 31
65 32
65 33
65 34
65 35
65 36
65 39
65 40
65 42
65 43
65 44
65 45
65 46
65 47
65 49
65 50
65 52
65 53
65 54
65 55
65 56
65 57
65 58
65 59
65 60
65 61
65 62
65 63
65 64
65 65
65 66
65 67
65 70
66 14
66 15
66 16
66 17
66 18
66 19
66 22
66 23
66 24
66 26
66 28
66 29
66 30
66 32
66 33
66 34
66 36
66 39
66 40
66 42
66 43
66 44
66 46
66 47
66 48
66 49
66 50
66 51
66 52
66 53
66 54
66 55
66 56
66 57
66 58
66 59
66 60
66 61
66 62
66 63
66 64
66 65
66 66
66 67
66 68
66 70
67 9
67 10
67 12
67 13
67 14
67 15
67 16
67 18
67 19
67 20
67 21
67 23
67 26
67 28
67 29
67 30
67 31
67 32
67 33
67 35
67 36
67 37
67 38
67 39
67 40
67 41
67 43
67 44
67 45
67 46
67 47
67 48
67 49
67 50
67 51
67 52
67 53
67 54
67 55
67 56
67 57
67 58
67 59
67 60
67 61
67 62
67 63
67 64
67 65
67 66
67 67
67 69
68 9
68 10
68 12
68 13
68 14
68 15
68 16
68 17
68 18
68 19
68 22
68 23
68 24
68 25
68 26
68 27
68 28
68 29
68 30
68 31
68 32
68 33
68 34
68 39
68 40
68 41
68 42
68 43
68 45
68 46
68 47
68 48
68 49
68 50
68 51
68 52
68 53
68 54
68 55
68 56
68 57
68 58
68 60
68 61
68 62
68 63
68 64
68 66
68 67
69 6
69 9
69 10
69 11
69 12
69 14
69 15
69 16
69 17
69 18
69 19
69 20
69 23
69 24
69 25
69 26
69 28
69 29
69 30
69 31
69 32
69 33
69 35
69 36
69 37
69 38
69 39
69 40
69 41
69 43
69 44
69 46
69 47
69 48
69 49
69 50
69 51
69 52
69 53
69 54
69 55
69 56
69 57
69 58
69 59
69 61
69 62
69 65
69 66
69 67
69 68
70 6
70 7
70 9
70 10
70 11
70 12
70 13
70 14
70 15
70 16
70 17
70 19
70 20
70 21
70 22
70 23
70 24
70 25
70 26
70 27
70 28
70 29
70 30
70 32
70 35
70 36
70 37
70 39
70 40
70 41
70 42
70 43
70 44
70 45
70 46
70 47
70 48
70 50
70 51
70 52
70 54
70 55
70 56
70 57
70 58
70 59
70 61
70 62
70 63
70 64
70 65
70 66
70 67
71 6
71 8
71 9
71 10
71 11
71 12
71 13
71 14
71 15
71 16
71 17
71 19
71 22
71 23
71 25
71 27
71 29
71 31
71 32
71 34
71 35
71 36
71 38
71 39
71 40
71 42
71 44
71 45
71 46
71 47
71 49
71 50
71 51
71 52
71 53
71 54
71 55
71 56
71 57
71 58
71 59
71 60
71 61
71 62
71 63
72 6
72 7
72 8
72 9
72 10
72 11
72 12
72 13
72 14
72 15
72 16
72 17
72 18
72 19
72 21
72 25
72 26
72 28
72 31
72 32
72 33
72 34
72 35
72 36
72 37
72 38
72 39
72 40
72 41
72 42
72 44
72 47
72 49
72 50
72 51
72 52
72 53
72 54
72 55
72 58
72 61
72 63
72 64
72 65
73 6
73 7
73 8
73 9
73 10
73 11
73 12
73 13
73 14
73 15
73 16
73 17
73 18
73 19
73 21
73 30
73 32
73 34
73 35
73 36
73 37
73 38
73 39
73 40
73 41
73 42
73 44
73 45
73 46
73 47
73 49
73 50
73 51
73 52
73 53
73 54
73 55
73 56
73 57
73 58
73 59
73 61
74 5
74 6
74 7
74 8
74 9
74 10
74 11
74 12
74 13
74 14
74 15
74 16
74 18
74 21
74 25
74 27
74 29
74 30
74 31
74 32
74 33
74 34
74 35
74 36
74 37
74 38
74 39
74 40
74 41
74 42
74 44
74 50
74 52
74 54
74 55
74 56
74 57
74 58
74 59
74 60
74 61
75 5
75 6
75 7
75 8
75 9
75 10
75 11
75 12
75 13
75 14
75 15
75 16
75 25
75 31
75 32
75 34
75 35
75 36
75 37
75 38
75 39
75 40
75 41
75 42
75 44
75 46
75 47
75 49
75 50
75 51
75 52
75 53
75 55
75 58
75 61
76 3
76 5
76 6
76 7
76 8
76 9
76 10
76 11
76 12
76 13
76 14
76 15
76 16
76 18
76 19
76 23
76 25
76 32
76 33
76 34
76 35
76 36
76 37
76 39
76 40
76 41
76 42
76 44
76 45
76 47
76 48
76 49
76 50
76 51
76 52
76 54
76 59
76 60
77 5
77 6
77 7
77 8
77 9
77 10
77 11
77 12
77 13
77 14
77 15
77 16
77 17
77 21
77 22
77 25
77 27
77 28
77 29
77 31
77 32
77 33
77 35
77 36
77 37
77 38
77 39
77 40
77 41
77 42
77 44
77 47
77 48
77 49
77 51
77 53
77 54
77 57
77 58
78 3
78 5
78 6
78 7
78 8
78 9
78 10
78 11
78 12
78 13
78 14
78 15
78 16
78 17
78 18
78 19
78 27
78 28
78 32
78 33
78 34
78 35
78 36
78 37
78 38
78 39
78 40
78 41
78 42
78 44
78 46
78 47
78 49
78 50
78 51
78 52
78 54
78 61
79 5
79 6
79 7
79 8
79 9
79 10
79 11
79 12
79 13
79 15
79 16
79 17
79 19
79 20
79 27
79 28
79 29
79 30
79 31
79 32
79 33
79 34
79 35
79 36
79 37
79 38
79 39
79 40
79 41
79 42
79 44
79 47
79 50
79 54
79 58
79 61
80 5
80 6
80 7
80 8
80 9
80 10
80 11
80 12
80 13
80 14
80 16
80 17
80 19
80 27
80 29
80 31
80 32
80 33
80 34
80 35
80 36
80 37
80 38
80 39
80 41
80 44
80 47
80 50
80 51
80 52
80 53
80 57
80 58
81 5
81 6
81 7
81 8
81 9
81 10
81 11
81 12
81 13
81 15
81 16
81 17
81 25
81 26
81 28
81 29
81 32
81 33
81 34
81 35
81 36
81 37
81 38
81 39
81 40
81 41
81 42
81 44
81 46
81 47
81 50
81 51
81 55
81 58
81 60
82 5
82 6
82 7
82 8
82 9
82 10
82 11
82 12
82 13
82 14
82 15
82 17
82 18
82 19
82 22
82 27
82 28
82 29
82 30
82 31
82 32
82 33
82 34
82 35
82 36
82 37
82 38
82 39
82 42
82 43
82 44
82 46
82 47
82 48
82 50
82 52
82 53
82 54
82 55
82 56
82 57
83 5
83 6
83 7
83 8
83 9
83 10
83 11
83 12
83 13
83 14
83 15
83 17
83 19
83 22
83 24
83 27
83 28
83 29
83 30
83 32
83 33
83 34
83 35
83 36
83 37
83 38
83 39
83 41
83 45
83 46
83 47
83 48
83 50
83 51
83 52
83 53
83 54
83 55
84 4
84 5
84 6
84 7
84 8
84 9
84 10
84 11
84 12
84 13
84 14
84 24
84 25
84 26
84 27
84 28
84 29
84 30
84 31
84 32
84 33
84 34
84 35
84 36
84 38
84 39
84 40
84 42
84 43
84 44
84 45
84 46
84 47
84 48
84 49
84 50
84 51
84 53
84 54
84 55
84 56
84 58
84 60
85 5
85 6
85 7
85 8
85 9
85 10
85 11
85 12
85 14
85 20
85 25
85 26
85 27
85 28
85 29
85 30
85 31
85 32
85 33
85 34
85 35
85 36
85 37
85 38
85 39
85 41
85 44
85 45
85 46
85 47
85 49
85 50
85 51
85 52
85 53
85 55
85 56
85 57
86 2
86 4
86 5
86 6
86 8
86 9
86 10
86 11
86 13
86 17
86 22
86 24
86 25
86 26
86 27
86 29
86 30
86 32
86 33
86 35
86 36
86 37
86 38
86 39
86 41
86 44
86 45
86 46
86 47
86 48
86 49
86 50
86 51
86 52
86 53
86 54
86 56
87 4
87 5
87 6
87 7
87 8
87 9
87 10
87 11
87 13
87 14
87 21
87 25
87 26
87 28
87 29
87 30
87 32
87 34
87 35
87 36
87 38
87 39
87 40
87 42
87 43
87 44
87 45
87 46
87 47
87 48
87 49
87 50
87 51
87 52
87 53
87 54
87 56
87 58
88 3
88 4
88 5
88 6
88 8
88 9
88 14
88 16
88 22
88 26
88 27
88 28
88 29
88 32
88 33
88 34
88 35
88 36
88 37
88 38
88 39
88 40
88 41
88 42
88 43
88 44
88 45
88 46
88 47
88 48
88 49
88 50
88 51
88 52
88 53
88 54
88 56
89 4
89 6
89 8
89 9
89 13
89 14
89 20
89 23
89 27
89 28
89 29
89 30
89 31
89 32
89 33
89 34
89 35
89 36
89 37
89 39
89 40
89 41
89 42
89 43
89 44
89 45
89 46
89 47
89 48
89 49
89 50
89 51
89 52
89 53
89 54
89 55
89 56
89 57
90 1
90 4
90 7
90 8
90 9
90 10
90 11
90 14
90 21
90 22
90 24
90 27
90 28
90 29
90 31
90 32
90 33
90 34
90 35
90 36
90 37
90 39
90 40
90 41
90 42
90 43
90 44
90 45
90 46
90 47
90 48
90 49
90 50
90 51
90 52
90 53
90 54
90 55
90 56
90 57
90 58
91 1
91 2
91 3
91 4
91 5
91 6
91 7
91 8
91 11
91 13
91 16
91 20
91 26
91 28
91 29
91 30
91 31
91 32
91 33
91 34
91 35
91 38
91 39
91 40
91 41
91 42
91 43
91 44
91 45
91 46
91 47
91 48
91 49
91 50
91 51
91 52
91 53
91 54
91 55
91 56
92 2
92 4
92 6
92 7
92 8
92 9
92 11
92 13
92 14
92 21
92 24
92 25
92 26
92 27
92 28
92 29
92 30
92 31
92 32
92 33
92 34
92 35
92 37
92 38
92 39
92 40
92 41
92 42
92 43
92 44
92 45
92 46
92 47
92 48
92 49
92 50
92 51
92 52
92 53
92 54
92 55
92 56
92 59
93 2
93 3
93 4
93 5
93 6
93 7
93 8
93 9
93 13
93 17
93 19
93 20
93 24
93 25
93 26
93 27
93 28
93 29
93 31
93 32
93 33
93 34
93 35
93 36
93 37
93 38
93 39
93 40
93 41
93 42
93 43
93 44
93 45
93 46
93 47
93 48
93 49
93 50
93 51
93 52
93 53
93 54
93 55
93 56
93 59
94 2
94 4
94 6
94 7
94 8
94 9
94 13
94 17
94 18
94 19
94 20
94 26
94 27
94 29
94 30
94 31
94 32
94 33
94 34
94 35
94 36
94 37
94 38
94 39
94 40
94 41
94 42
94 43
94 44
94 45
94 46
94 47
94 48
94 49
94 50
94 51
94 52
94 53
94 54
94 55
94 56
94 58
95 1
95 2
95 4
95 5
95 6
95 7
95 8
95 9
95 11
95 14
95 16
95 17
95 20
95 24
95 25
95 26
95 27
95 29
95 30
95 31
95 32
95 33
95 34
95 35
95 36
95 37
95 38
95 39
95 40
95 41
95 42
95 43
95 44
95 45
95 46
95 47
95 48
95 49
95 50
95 51
95 52
95 53
95 54
95 55
95 56
95 58
95 59
96 2
96 4
96 5
96 6
96 7
96 8
96 9
96 11
96 13
96 14
96 16
96 18
96 19
96 20
96 21
96 24
96 26
96 28
96 30
96 31
96 32
96 33
96 34
96 35
96 36
96 37
96 38
96 39
96 40
96 41
96 42
96 43
96 44
96 45
96 46
96 47
96 48
96 49
96 50
96 51
96 52
96 53
96 54
96 55
96 56
96 57
96 59
97 4
97 6
97 7
97 8
97 10
97 11
97 14
97 15
97 16
97 18
97 19
97 20
97 21
97 24
97 25
97 27
97 30
97 31
97 32
97 33
97 34
97 35
97 36
97 37
97 38
97 39
97 40
97 41
97 42
97 43
97 44
97 45
97 46
97 47
97 48
97 49
97 50
97 51
97 52
97 53
97 54
97 55
97 58
97 59
97 60
98 4
98 5
98 6
98 7
98 10
98 11
98 12
98 15
98 16
98 18
98 19
98 21
98 22
98 23
98 24
98 25
98 27
98 29
98 30
98 31
98 32
98 33
98 34
98 35
98 36
98 37
98 38
98 39
98 40
98 41
98 42
98 43
98 44
98 45
98 46
98 47
98 48
98 49
98 50
98 51
98 52
98 53
98 54
98 55
98 56
98 59
99 2
99 3
99 4
99 5
99 6
99 7
99 8
99 11
99 12
99 15
99 16
99 18
99 19
99 21
99 22
99 23
99 24
99 25
99 27
99 28
99 29
99 30
99 31
99 32
99 33
99 34
99 35
99 36
99 37
99 38
99 39
99 40
99 41
99 42
99 43
99 44
99 45
99 46
99 47
99 48
99 49
99 50
99 51
99 52
99 53
99 54
99 55
99 56
99 58
100 2
100 4
100 5
100 6
100 7
100 10
100 11
100 15
100 16
100 22
100 23
100 24
100 25
100 27
100 28
100 29
100 30
100 31
100 32
100 33
100 34
100 35
100 36
100 37
100 38
100 39
100 40
100 41
100 42
100 43
100 44
100 45
100 46
100 47
100 48
100 49
100 50
100 51
100 52
100 53
100 54
100 55
100 58
100 60
101 4
101 5
101 6
101 7
101 10
101 11
101 12
101 15
101 16
101 19
101 20
101 21
101 22
101 25
101 26
101 27
101 28
101 29
101 30
101 31
101 32
101 33
101 34
101 35
101 36
101 37
101 38
101 39
101 40
101 41
101 42
101 43
101 44
101 45
101 46
101 47
101 48
101 49
101 50
101 51
101 52
101 53
101 54
101 55
101 59
102 1
102 2
102 3
102 4
102 6
102 7
102 8
102 11
102 12
102 13
102 16
102 17
102 18
102 19
102 20
102 21
102 25
102 26
102 28
102 29
102 30
102 31
102 32
102 33
102 34
102 35
102 36
102 37
102 38
102 39
102 40
102 41
102 42
102 43
102 44
102 45
102 46
102 47
102 48
102 49
102 50
102 51
102 52
102 53
102 54
102 55
103 1
103 2
103 3
103 4
103 6
103 7
103 8
103 18
103 19
103 22
103 23
103 24
103 25
103 28
103 29
103 30
103 31
103 32
103 33
103 34
103 35
103 36
103 37
103 38
103 39
103 40
103 41
103 42
103 43
103 44
103 45
103 46
103 47
103 48
103 49
103 50
103 51
103 52
103 53
103 54
103 55
103 56
104 3
104 4
104 5
104 6
104 8
104 11
104 14
104 18
104 19
104 20
104 21
104 22
104 23
104 24
104 25
104 27
104 28
104 29
104 30
104 31
104 32
104 33
104 34
104 35
104 36
104 37
104 38
104 39
104 40
104 41
104 42
104 43
104 44
104 45
104 46
104 47
104 48
104 49
104 50
104 51
104 52
104 53
104 54
104 57
105 4
105 6
105 7
105 18
105 21
105 22
105 23
105 24
105 25
105 27
105 28
105 29
105 30
105 31
105 32
105 33
105 34
105 35
105 36
105 37
105 38
105 39
105 40
105 41
105 42
105 43
105 44
105 45
105 46
105 47
105 48
105 49
105 50
105 51
105 52
105 53
105 54
105 55
106 3
106 4
106 6
106 10
106 11
106 12
106 16
106 18
106 19
106 20
106 21
106 23
106 24
106 25
106 27
106 28
106 29
106 30
106 31
106 32
106 33
106 34
106 35
106 36
106 37
106 38
106 39
106 40
106 41
106 42
106 43
106 44
106 45
106 46
106 47
106 48
106 49
106 50
106 51
106 52
106 53
106 54
106 55
107 3
107 4
107 6
107 7
107 8
107 11
107 14
107 15
107 18
107 19
107 20
107 21
107 23
107 24
107 26
107 27
107 30
107 31
107 32
107 33
107 34
107 35
107 36
107 37
107 38
107 39
107 40
107 41
107 42
107 43
107 44
107 45
107 46
107 47
107 48
107 49
107 51
107 52
107 53
108 3
108 4
108 6
108 7
108 8
108 11
108 12
108 14
108 15
108 16
108 17
108 19
108 20
108 21
108 22
108 23
108 24
108 25
108 26
108 27
108 28
108 29
108 30
108 31
108 32
108 33
108 34
108 35
108 36
108 37
108 38
108 39
108 40
108 41
108 42
108 43
108 44
108 45
108 46
108 47
108 48
108 49
108 52
108 54
108 57
109 3
109 4
109 6
109 7
109 8
109 14
109 16
109 20
109 21
109 22
109 24
109 25
109 26
109 27
109 28
109 29
109 30
109 31
109 32
109 33
109 34
109 35
109 36
109 37
109 38
109 39
109 40
109 41
109 42
109 43
109 44
109 45
109 46
109 47
109 48
109 49
109 51
109 52
109 54
109 56
110 3
110 4
110 5
110 6
110 12
110 14
110 16
110 17
110 18
110 19
110 20
110 21
110 22
110 23
110 24
110 25
110 26
110 27
110 28
110 29
110 30
110 31
110 32
110 33
110 34
110 35
110 36
110 37
110 38
110 39
110 40
110 41
110 42
110 43
110 44
110 45
110 46
110 47
110 48
110 49
110 50
110 51
110 52
110 53
110 54
110 57
110 58
111 3
111 4
111 5
111 6
111 9
111 10
111 12
111 16
111 17
111 18
111 20
111 21
111 22
111 23
111 24
111 25
111 26
111 27
111 28
111 29
111 30
111 31
111 32
111 33
111 34
111 35
111 36
111 37
111 38
111 39
111 40
111 41
111 42
111 43
111 44
111 45
111 46
111 47
111 48
111 50
111 51
111 52
111 53
111 54
111 55
111 56
111 57
112 3
112 4
112 5
112 6
112 7
112 8
112 9
112 13
112 17
112 18
112 19
112 21
112 22
112 23
112 24
112 26
112 27
112 28
112 29
112 30
112 31
112 32
112 33
112 34
112 35
112 36
112 37
112 38
112 39
112 40
112 41
112 42
112 43
112 44
112 45
112 46
112 47
112 48
112 49
112 50
112 52
112 53
112 54
112 56
112 58
113 2
113 3
113 4
113 5
113 6
113 8
113 9
113 12
113 15
113 18
113 21
113 22
113 24
113 26
113 27
113 29
113 30
113 31
113 32
113 33
113 34
113 35
113 36
113 37
113 38
113 39
113 40
113 41
113 42
113 43
113 44
113 45
113 46
113 47
113 48
113 49
113 50
113 52
113 53
113 54
113 56
113 57
114 2
114 3
114 4
114 5
114 6
114 8
114 12
114 14
114 15
114 17
114 20
114 21
114 22
114 23
114 25
114 27
114 29
114 30
114 31
114 32
114 33
114 34
114 35
114 36
114 37
114 38
114 39
114 40
114 41
114 42
114 43
114 44
114 45
114 46
114 47
114 49
114 50
114 51
114 53
114 54
114 55
114 57
115 2
115 3
115 4
115 5
115 6
115 11
115 12
115 14
115 16
115 17
115 18
115 19
115 20
115 21
115 24
115 25
115 26
115 27
115 28
115 29
115 30
115 31
115 32
115 33
115 34
115 35
115 36
115 37
115 38
115 39
115 40
115 41
115 42
115 43
115 44
115 45
115 46
115 47
115 48
115 49
115 51
115 52
115 54
115 55
115 57
116 2
116 3
116 4
116 5
116 6
116 12
116 13
116 14
116 17
116 19
116 20
116 21
116 22
116 23
116 24
116 25
116 27
116 29
116 30
116 31
116 32
116 33
116 34
116 35
116 36
116 37
116 38
116 39
116 40
116 41
116 42
116 43
116 44
116 45
116 46
116 47
116 49
116 51
116 52
116 54
116 55
117 2
117 3
117 4
117 6
117 8
117 12
117 13
117 14
117 19
117 21
117 22
117 24
117 25
117 26
117 27
117 28
117 29
117 30
117 31
117 32
117 33
117 34
117 35
117 36
117 37
117 38
117 39
117 40
117 41
117 42
117 43
117 44
117 45
117 46
117 47
117 48
117 50
117 51
117 53
117 56
118 2
118 3
118 4
118 6
118 11
118 14
118 15
118 18
118 19
118 21
118 22
118 23
118 24
118 25
118 26
118 27
118 28
118 29
118 30
118 31
118 32
118 33
118 34
118 35
118 36
118 37
118 38
118 39
118 40
118 41
118 42
118 43
118 44
118 45
118 46
118 47
118 48
118 49
118 51
118 52
119 2
119 3
119 4
119 6
119 7
119 9
119 11
119 12
119 16
119 17
119 18
119 19
119 20
119 21
119 22
119 23
119 24
119 25
119 26
119 27
119 28
119 29
119 30
119 31
119 32
119 33
119 34
119 35
119 36
119 37
119 38
119 39
119 40
119 41
119 42
119 43
119 44
119 45
119 46
119 47
119 48
119 49
119 50
119 52
119 53
119 54
119 55
120 1
120 2
120 3
120 4
120 6
120 7
120 8
120 11
120 12
120 14
120 15
120 16
120 17
120 19
120 21
120 22
120 23
120 24
120 25
120 26
120 27
120 28
120 29
120 30
120 31
120 32
120 33
120 34
120 35
120 36
120 37
120 38
120 39
120 40
120 41
120 42
120 43
120 44
120 45
120 47
120 48
120 49
120 51
120 52
120 54
120 57
121 2
121 3
121 4
121 5
121 6
121 7
121 11
121 12
121 14
121 16
121 19
121 21
121 23
121 24
121 25
121 26
121 27
121 28
121 29
121 30
121 31
121 32
121 33
121 34
121 35
121 36
121 37
121 38
121 39
121 40
121 41
121 42
121 43
121 44
121 45
121 46
121 47
121 48
121 49
121 50
121 53
121 55
121 58
122 1
122 2
122 3
122 4
122 5
122 6
122 7
122 11
122 12
122 14
122 15
122 17
122 20
122 21
122 22
122 23
122 24
122 25
122 26
122 27
122 28
122 29
122 30
122 31
122 32
122 33
122 34
122 35
122 36
122 37
122 38
122 39
122 40
122 41
122 42
122 43
122 44
122 45
122 46
122 47
122 48
122 49
122 50
122 51
122 54
122 58
123 1
123 2
123 3
123 4
123 7
123 9
123 11
123 12
123 17
123 18
123 19
123 21
123 22
123 23
123 24
123 25
123 26
123 27
123 28
123 29
123 30
123 31
123 32
123 33
123 34
123 35
123 36
123 37
123 38
123 39
123 40
123 41
123 42
123 43
123 44
123 45
123 46
123 47
123 48
123 49
123 50
123 57
124 -1
124 1
124 2
124 3
124 4
124 5
124 7
124 8
124 9
124 10
124 12
124 17
124 19
124 21
124 22
124 23
124 24
124 25
124 26
124 27
124 28
124 29
124 30
124 31
124 32
124 33
124 34
124 35
124 36
124 37
124 38
124 39
124 40
124 41
124 42
124 43
124 44
124 45
124 46
124 47
124 48
124 51
124 53
124 54
125 -1
125 1
125 2
125 3
125 4
125 5
125 7
125 9
125 10
125 11
125 12
125 13
125 16
125 18
125 19
125 21
125 22
125 23
125 24
125 26
125 27
125 29
125 30
125 31
125 32
125 33
125 34
125 35
125 36
125 37
125 38
125 39
125 40
125 41
125 42
125 43
125 44
125 46
125 47
125 48
125 49
125 50
125 52
126 -1
126 1
126 2
126 3
126 5
126 7
126 10
126 11
126 12
126 17
126 18
126 19
126 20
126 21
126 23
126 25
126 26
126 27
126 28
126 29
126 30
126 31
126 32
126 33
126 34
126 35
126 36
126 37
126 38
126 39
126 40
126 41
126 42
126 43
126 44
126 45
126 46
126 47
126 48
126 50
126 54
127 1
127 2
127 3
127 4
127 7
127 8
127 9
127 10
127 12
127 13
127 14
127 15
127 17
127 20
127 21
127 22
127 23
127 24
127 25
127 26
127 27
127 28
127 29
127 30
127 31
127 32
127 33
127 34
127 35
127 36
127 37
127 38
127 39
127 40
127 41
127 42
127 43
127 44
127 45
127 47
127 50
127 52
128 1
128 2
128 3
128 4
128 5
128 6
128 7
128 8
128 9
128 10
128 11
128 12
128 16
128 17
128 21
128 22
128 25
128 26
128 27
128 28
128 29
128 30
128 31
128 32
128 33
128 34
128 35
128 36
128 37
128 38
128 39
128 40
128 41
128 42
128 43
128 44
128 45
128 46
128 47
128 48
128 49
129 0
129 1
129 2
129 3
129 4
129 5
129 7
129 9
129 15
129 16
129 17
129 18
129 20
129 21
129 22
129 24
129 25
129 26
129 27
129 28
129 29
129 30
129 31
129 32
129 33
129 34
129 35
129 36
129 37
129 38
129 39
129 40
129 41
129 42
129 43
129 44
129 45
129 46
129 47
129 48
130 -3
130 0
130 1
130 2
130 3
130 4
130 6
130 7
130 9
130 10
130 11
130 12
130 15
130 16
130 17
130 18
130 21
130 22
130 24
130 25
130 26
130 27
130 28
130 29
130 30
130 31
130 32
130 33
130 34
130 35
130 36
130 37
130 38
130 39
130 40
130 41
130 42
130 43
130 44
130 45
130 46
130 50
131 -3
131 0
131 1
131 2
131 3
131 4
131 5
131 6
131 7
131 9
131 11
131 12
131 18
131 19
131 20
131 21
131 22
131 24
131 25
131 26
131 27
131 28
131 29
131 30
131 31
131 32
131 33
131 34
131 35
131 36
131 37
131 38
131 39
131 40
131 41
131 42
131 43
131 44
131 45
131 46
131 47
131 48
132 -3
132 0
132 1
132 2
132 4
132 5
132 6
132 9
132 11
132 12
132 15
132 17
132 19
132 20
132 23
132 24
132 25
132 26
132 27
132 28
132 29
132 30
132 31
132 32
132 33
132 34
132 35
132 36
132 37
132 38
132 39
132 40
132 41
132 42
132 43
132 44
132 45
132 46
133 -3
133 -1
133 0
133 1
133 2
133 3
133 4
133 5
133 6
133 7
133 9
133 10
133 11
133 12
133 17
133 18
133 21
133 23
133 24
133 25
133 26
133 27
133 28
133 29
133 30
133 31
133 32
133 33
133 34
133 35
133 36
133 37
133 38
133 39
133 40
133 41
133 42
133 43
133 44
133 45
133 46
133 47
134 -3
134 -1
134 0
134 1
134 2
134 4
134 5
134 6
134 9
134 10
134 19
134 22
134 23
134 24
134 25
134 26
134 27
134 28
134 29
134 30
134 31
134 32
134 33
134 34
134 35
134 36
134 37
134 38
134 39
134 40
134 41
134 42
134 43
134 44
134 45
134 46
135 -3
135 0
135 1
135 3
135 4
135 5
135 6
135 8
135 9
135 11
135 12
135 18
135 19
135 20
135 22
135 23
135 24
135 25
135 26
135 27
135 28
135 30
135 31
135 32
135 33
135 34
135 35
135 36
135 37
135 38
135 39
135 40
135 41
135 42
135 43
135 44
135 45
136 -3
136 -1
136 0
136 1
136 2
136 3
136 4
136 6
136 9
136 12
136 18
136 19
136 20
136 21
136 22
136 23
136 24
136 25
136 26
136 27
136 28
136 29
136 30
136 31
136 32
136 33
136 34
136 35
136 36
136 37
136 38
136 39
136 40
136 41
136 42
136 43
136 44
136 45
136 46
137 -1
137 0
137 2
137 3
137 4
137 5
137 6
137 7
137 9
137 10
137 11
137 12
137 17
137 19
137 20
137 21
137 22
137 23
137 24
137 25
137 26
137 27
137 28
137 29
137 30
137 31
137 32
137 33
137 34
137 35
137 36
137 37
137 38
137 39
137 40
137 41
137 42
137 43
137 44
137 45
137 46
137 47
138 -1
138 0
138 1
138 2
138 3
138 6
138 9
138 10
138 18
138 19
138 20
138 21
138 23
138 24
138 25
138 26
138 27
138 28
138 29
138 30
138 31
138 32
138 33
138 34
138 35
138 36
138 37
138 38
138 39
138 40
138 41
138 42
138 43
138 44
138 45
138 46
138 47
139 -3
139 -2
139 -1
139 0
139 1
139 2
139 9
139 10
139 12
139 14
139 18
139 19
139 20
139 21
139 22
139 23
139 24
139 25
139 26
139 27
139 28
139 29
139 30
139 32
139 33
139 34
139 35
139 36
139 37
139 38
139 39
139 40
139 41
139 42
139 43
139 44
139 45
139 46
139 47
139 48
140 -3
140 0
140 1
140 5
140 6
140 9
140 10
140 11
140 12
140 14
140 16
140 17
140 18
140 19
140 20
140 21
140 22
140 23
140 24
140 25
140 26
140 27
140 29
140 31
140 32
140 33
140 34
140 35
140 36
140 37
140 38
140 39
140 40
140 41
140 42
140 43
140 44
140 45
140 46
140 47
140 48
141 -3
141 -2
141 0
141 1
141 5
141 6
141 9
141 10
141 12
141 16
141 17
141 18
141 19
141 20
141 21
141 22
141 23
141 24
141 25
141 26
141 27
141 28
141 30
141 31
141 32
141 33
141 34
141 35
141 36
141 37
141 38
141 39
141 40
141 41
141 42
141 43
141 44
141 45
141 46
141 47
142 -5
142 -3
142 -1
142 0
142 3
142 5
142 7
142 9
142 10
142 11
142 12
142 14
142 15
142 16
142 17
142 18
142 19
142 20
142 21
142 22
142 23
142 24
142 25
142 26
142 27
142 28
142 29
142 30
142 31
142 32
142 33
142 34
142 35
142 36
142 37
142 38
142 39
142 40
142 41
142 42
142 43
142 44
142 45
142 46
143 -5
143 -3
143 -2
143 -1
143 3
143 7
143 9
143 10
143 11
143 12
143 13
143 15
143 16
143 17
143 18
143 19
143 20
143 21
143 22
143 23
143 24
143 25
143 26
143 27
143 28
143 29
143 30
143 31
143 32
143 33
143 34
143 35
143 36
143 37
143 38
143 39
143 40
143 41
143 42
143 43
143 44
143 45
143 47
144 -3
144 -1
144 6
144 7
144 9
144 12
144 13
144 14
144 15
144 16
144 17
144 18
144 19
144 20
144 21
144 22
144 23
144 24
144 25
144 26
144 27
144 29
144 30
144 32
144 33
144 34
144 35
144 36
144 37
144 38
144 39
144 40
144 41
144 42
144 43
144 44
144 46
145 -3
145 -1
145 6
145 9
145 10
145 11
145 12
145 13
145 14
145 15
145 16
145 17
145 18
145 19
145 20
145 21
145 22
145 23
145 24
145 25
145 26
145 27
145 28
145 31
145 32
145 33
145 34
145 35
145 36
145 37
145 38
145 39
145 40
145 41
145 42
145 43
145 44
146 -6
146 -5
146 -4
146 -3
146 5
146 9
146 10
146 11
146 12
146 13
146 14
146 15
146 16
146 17
146 18
146 19
146 20
146 21
146 22
146 23
146 24
146 25
146 26
146 27
146 29
146 30
146 31
146 32
146 33
146 34
146 35
146 36
146 37
146 38
146 39
146 40
146 41
146 42
146 43
146 44
146 46
146 47
147 -6
147 -5
147 -3
147 8
147 9
147 10
147 11
147 12
147 13
147 14
147 15
147 16
147 17
147 18
147 19
147 20
147 21
147 22
147 23
147 24
147 25
147 26
147 27
147 28
147 29
147 30
147 31
147 32
147 33
147 34
147 35
147 36
147 37
147 38
147 39
147 40
147 41
147 42
147 43
147 44
147 45
147 46
147 47
148 -6
148 -5
148 -3
148 6
148 7
148 8
148 9
148 10
148 11
148 12
148 13
148 14
148 15
148 16
148 17
148 18
148 19
148 20
148 21
148 22
148 23
148 24
148 25
148 26
148 27
148 29
148 30
148 31
148 32
148 33
148 34
148 35
148 36
148 37
148 38
148 39
148 40
148 41
148 42
148 43
148 44
148 46
148 47
149 -5
149 5
149 6
149 7
149 8
149 9
149 10
149 11
149 12
149 13
149 14
149 15
149 16
149 17
149 18
149 19
149 20
149 21
149 22
149 23
149 24
149 25
149 26
149 27
149 28
149 30
149 31
149 32
149 33
149 34
149 35
149 36
149 37
149 38
149 39
149 40
149 41
149 42
149 43
149 44
149 45
149 47
150 -6
150 -5
150 7
150 8
150 9
150 10
150 11
150 12
150 13
150 14
150 15
150 16
150 17
150 18
150 19
150 20
150 21
150 22
150 23
150 24
150 25
150 27
150 29
150 31
150 32
150 33
150 34
150 35
150 36
150 37
150 38
150 39
150 40
150 41
150 42
150 43
150 44
150 45
150 46
150 47
151 -6
151 -5
151 8
151 9
151 10
151 11
151 12
151 13
151 14
151 15
151 16
151 17
151 18
151 19
151 20
151 21
151 22
151 23
151 24
151 25
151 26
151 27
151 28
151 29
151 30
151 31
151 32
151 33
151 34
151 35
151 36
151 37
151 38
151 39
151 40
151 41
151 42
151 44
151 47
152 -9
152 -6
152 6
152 8
152 9
152 10
152 11
152 12
152 13
152 14
152 15
152 16
152 17
152 18
152 19
152 20
152 21
152 22
152 23
152 24
152 26
152 27
152 28
152 29
152 30
152 31
152 32
152 33
152 34
152 35
152 36
152 37
152 38
152 39
152 40
152 41
152 42
152 43
152 44
152 47
153 6
153 8
153 9
153 11
153 12
153 13
153 14
153 15
153 16
153 17
153 18
153 19
153 20
153 21
153 22
153 23
153 24
153 25
153 26
153 27
153 28
153 29
153 31
153 32
153 33
153 34
153 35
153 36
153 37
153 38
153 39
153 40
153 41
153 42
153 43
153 44
154 5
154 8
154 9
154 10
154 11
154 12
154 13
154 14
154 15
154 16
154 17
154 18
154 19
154 20
154 21
154 22
154 23
154 24
154 25
154 26
154 27
154 28
154 30
154 31
154 32
154 33
154 34
154 35
154 36
154 37
154 38
154 39
154 40
154 41
154 43
154 45
155 6
155 7
155 8
155 9
155 10
155 11
155 12
155 13
155 14
155 15
155 16
155 17
155 18
155 19
155 20
155 21
155 22
155 23
155 24
155 25
155 27
155 28
155 29
155 30
155 31
155 33
155 34
155 35
155 36
155 37
155 38
155 39
155 40
155 41
155 43
155 45
156 6
156 8
156 9
156 11
156 12
156 13
156 14
156 15
156 16
156 17
156 18
156 19
156 20
156 21
156 22
156 23
156 24
156 26
156 27
156 28
156 29
156 30
156 31
156 32
156 33
156 34
156 35
156 36
156 37
156 38
156 39
156 40
157 1
157 5
157 7
157 8
157 9
157 10
157 11
157 12
157 13
157 14
157 15
157 16
157 17
157 18
157 19
157 20
157 21
157 22
157 23
157 24
157 25
157 26
157 27
157 28
157 29
157 30
157 31
157 32
157 33
157 34
157 35
157 36
157 37
157 38
157 39
157 40
158 1
158 6
158 7
158 8
158 9
158 10
158 11
158 12
158 13
158 14
158 15
158 16
158 17
158 18
158 19
158 20
158 21
158 22
158 23
158 24
158 25
158 27
158 28
158 29
158 30
158 31
158 33
158 34
158 35
158 36
158 37
158 38
158 39
158 40
158 42
159 5
159 6
159 7
159 8
159 9
159 10
159 11
159 12
159 13
159 14
159 15
159 16
159 17
159 18
159 19
159 20
159 21
159 24
159 25
159 26
159 27
159 28
159 29
159 30
159 31
159 32
159 33
159 34
159 35
159 36
159 37
159 38
159 39
159 40
160 6
160 7
160 8
160 9
160 10
160 11
160 12
160 13
160 14
160 15
160 16
160 17
160 18
160 19
160 20
160 21
160 23
160 25
160 26
160 27
160 28
160 29
160 31
160 33
160 34
160 35
160 36
160 37
160 38
161 1
161 5
161 6
161 7
161 8
161 9
161 10
161 11
161 12
161 13
161 14
161 15
161 16
161 17
161 18
161 19
161 20
161 21
161 22
161 23
161 24
161 26
161 27
161 28
161 29
161 31
161 32
161 33
161 34
161 35
161 36
161 37
161 38
162 6
162 7
162 9
162 10
162 11
162 12
162 13
162 14
162 15
162 16
162 17
162 18
162 19
162 20
162 21
162 22
162 23
162 24
162 25
162 26
162 27
162 29
162 30
162 31
162 33
162 34
162 35
162 37
162 40
163 2
163 5
163 6
163 7
163 8
163 9
163 10
163 11
163 12
163 13
163 14
163 15
163 16
163 17
163 18
163 20
163 21
163 22
163 23
163 24
163 25
163 26
163 27
163 28
163 29
163 30
163 31
163 34
163 35
163 37
163 38
164 2
164 3
164 7
164 9
164 10
164 11
164 12
164 13
164 14
164 15
164 16
164 17
164 18
164 19
164 20
164 21
164 22
164 23
164 26
164 27
164 30
164 33
164 34
164 35
164 37
164 38
165 2
165 3
165 5
165 6
165 7
165 10
165 11
165 12
165 13
165 14
165 15
165 16
165 17
165 18
165 19
165 20
165 21
165 22
165 23
165 24
165 29
165 31
165 32
165 33
165 34
165 37
165 38
166 3
166 5
166 6
166 7
166 8
166 9
166 10
166 11
166 12
166 13
166 14
166 15
166 16
166 17
166 18
166 19
166 20
166 21
166 22
166 23
166 24
166 25
166 32
166 33
166 34
166 36
166 38
167 1
167 2
167 3
167 5
167 7
167 8
167 10
167 11
167 12
167 13
167 14
167 15
167 16
167 17
167 18
167 19
167 20
167 21
167 22
167 23
167 24
167 31
167 32
167 34
167 35
167 39
167 44
168 2
168 5
168 7
168 8
168 9
168 10
168 11
168 12
168 13
168 14
168 15
168 16
168 17
168 18
168 19
168 20
168 21
168 22
168 29
168 32
168 33
168 34
168 38
169 2
169 5
169 6
169 7
169 8
169 9
169 10
169 11
169 12
169 13
169 14
169 15
169 16
169 17
169 18
169 19
169 20
169 21
169 22
169 23
169 24
169 33
169 38
170 3
170 5
170 6
170 8
170 9
170 10
170 11
170 12
170 13
170 14
170 15
170 16
170 17
170 18
170 19
170 20
170 21
170 23
170 27
170 33
170 37
170 38
171 3
171 6
171 7
171 8
171 10
171 11
171 12
171 13
171 14
171 15
171 16
171 17
171 18
171 19
171 20
171 21
171 23
171 24
172 1
172 5
172 9
172 10
172 11
172 12
172 13
172 14
172 15
172 16
172 17
172 18
172 19
172 20
172 24
173 0
173 1
173 3
173 5
173 6
173 10
173 11
173 12
173 13
173 14
173 15
173 16
173 17
173 18
173 19
173 20
173 22
173 23
173 25
173 38
174 5
174 6
174 10
174 11
174 12
174 13
174 14
174 15
174 16
174 17
174 18
174 19
174 20
174 29
175 1
175 8
175 10
175 11
175 12
175 13
175 14
175 15
175 16
175 17
175 18
175 19
175 20
175 25
176 6
176 9
176 10
176 11
176 12
176 13
176 14
176 15
176 16
176 17
176 18
176 19
176 20
176 24
176 37
177 7
177 8
177 10
177 11
177 12
177 13
177 14
177 15
177 16
177 17
177 18
177 19
177 20
177 27
177 29
178 8
178 10
178 11
178 12
178 13
178 14
178 15
178 16
178 17
178 18
179 3
179 8
179 10
179 11
179 13
179 14
179 15
179 16
179 17
179 18
179 19
179 21
179 23
180 1
180 3
180 9
180 10
180 11
180 13
180 14
180 15
180 16
180 17
180 18
180 21
180 23
181 10
181 12
181 13
181 14
181 15
181 16
181 17
181 18
181 19
181 23
182 3
182 5
182 10
182 12
182 13
182 14
182 15
182 16
182 17
182 18
182 19
182 20
182 23
183 12
183 15
183 16
183 18
183 20
183 27
184 10
184 14
184 16
184 17
184 18
184 19
184 20
184 23
184 27
185 12
185 14
185 16
185 17
185 19
186 10
186 15
186 16
186 18
186 20
186 35
187 8
187 11
187 12
187 13
187 15
187 16
187 17
187 18
187 19
188 14
188 17
188 18
188 20
188 21
188 22
188 23
189 8
189 9
189 10
189 11
189 13
189 15
189 16
189 17
189 22
190 8
190 11
190 14
190 15
190 16
190 17
190 18
190 30
191 8
191 9
191 10
191 11
191 12
191 13
191 14
191 15
191 18
191 20
192 11
192 12
192 13
192 14
192 15
192 16
192 17
192 18
192 26
193 8
193 9
193 10
193 11
193 12
193 13
193 14
193 15
193 16
193 17
193 18
193 23
194 8
194 9
194 10
194 11
194 12
194 13
194 14
194 15
194 16
194 19
195 6
195 8
195 9
195 10
195 11
195 12
195 13
195 14
195 15
195 16
195 19
196 6
196 8
196 9
196 10
196 11
196 12
196 13
196 15
196 16
196 19
197 6
197 7
197 8
197 9
197 10
197 11
197 12
197 13
197 14
197 15
197 19
198 7
198 8
198 9
198 10
198 11
198 12
198 13
198 14
198 15
199 6
199 7
199 8
199 9
199 10
199 11
199 12
199 13
200 6
200 7
200 8
200 9
200 10
200 11
200 12
200 13
201 6
201 7
201 8
201 9
201 10
201 11
201 12
201 16
202 6
202 7
202 8
202 9
202 10
202 11
202 12
203 6
203 7
203 8
203 9
203 10
203 11
203 12
204 6
204 7
204 8
204 9
204 10
204 11
204 12
205 5
205 6
205 7
205 8
205 9
205 10
205 11
205 12
206 6
206 7
206 8
206 9
206 10
206 11
206 12
207 5
207 7
207 8
207 9
207 10
207 11
207 12
207 13
208 6
208 7
208 8
208 9
208 10
208 11
208 12
208 13
209 6
209 7
209 8
209 9
209 11
210 6
210 7
210 8
210 9
210 10
210 11
211 6
211 7
211 8
211 9
211 11
212 6
212 8
212 9
212 11
213 5
213 8
213 9
213 10
214 8
215 2
215 5
215 8
216 9
217 3
217 6
218 5
218 8
219 5
219 6
220 2
221 3
221 6
222 3
222 6
223 3
224 2
225 5
